110739002 
281475087449658 
562950064160314 
844425040870970 
1125900017581626 
1407374994292282 
1688849971002938 
1970324947713594 
2251799924424250 
2533274901134906 
2814749877845562 
3096224854556218 
3377699831266874 
3659174807977530 
3940649784688186 
4222124761398842 
4503599738109498 
4785074714820154 
5066549691530810 
5348024668241466 
5629499644952122 
5910974621662778 
6192449598373434 
6473924575084090 
6755399551794746 
7036874528505402 
7318349505216058 
7599824481926714 
7881299458637370 
8162774435348026 
8444249412058682 
8725724388769338 
9007199365479994 
9288674342190650 
9570149318901306 
9851624295611962 
10133099272322618 
10414574249033274 
10696049225743930 
10977524202454586 
11258999179165242 
11540474155875898 
11821949132586554 
12103424109297210 
12384899086007866 
12666374062718522 
12947849039429178 
13229324016139834 
13510798992850490 
13792273969561146 
14073748946271802 
14355223922982458 
14636698899693114 
14918173876403770 
15199648853114426 
15481123829825082 
15762598806535738 
16044073783246394 
16325548759957050 
16607023736667706 
16888498713378362 
17169973690089018 
17451448666799674 
17732923643510330 
18014398620220986 
18295873596931642 
18577348573642298 
18858823550352954 
19140298527063610 
19421773503774266 
19703248480484922 
19984723457195578 
20266198433906234 
20547673410616890 
20829148387327546 
21110623364038202 
21392098340748858 
21673573317459514 
21955048294170170 
22236523270880826 
22517998247591482 
22799473224302138 
23080948201012794 
23362423177723450 
23643898154434106 
23925373131144762 
24206848107855418 
24488323084566074 
24769798061276730 
25051273037987386 
25332748014698042 
25614222991408698 
25895697968119354 
26177172944830010 
26458647921540666 
26740122898251322 
27021597874961978 
27303072851672634 
27584547828383290 
27866022805093946 
111136392 
281475087847048 
562950064557704 
844425041268360 
1125900017979016 
1407374994689672 
1688849971400328 
1970324948110984 
2251799924821640 
2533274901532296 
2814749878242952 
3096224854953608 
3377699831664264 
3659174808374920 
3940649785085576 
4222124761796232 
4503599738506888 
4785074715217544 
5066549691928200 
5348024668638856 
5629499645349512 
5910974622060168 
6192449598770824 
6473924575481480 
6755399552192136 
7036874528902792 
7318349505613448 
7599824482324104 
7881299459034760 
8162774435745416 
8444249412456072 
8725724389166728 
9007199365877384 
9288674342588040 
9570149319298696 
9851624296009352 
10133099272720008 
10414574249430664 
10696049226141320 
10977524202851976 
11258999179562632 
11540474156273288 
11821949132983944 
12103424109694600 
12384899086405256 
12666374063115912 
12947849039826568 
13229324016537224 
13510798993247880 
13792273969958536 
14073748946669192 
14355223923379848 
14636698900090504 
14918173876801160 
15199648853511816 
15481123830222472 
15762598806933128 
16044073783643784 
16325548760354440 
16607023737065096 
16888498713775752 
17169973690486408 
17451448667197064 
17732923643907720 
18014398620618376 
18295873597329032 
18577348574039688 
18858823550750344 
19140298527461000 
19421773504171656 
19703248480882312 
19984723457592968 
20266198434303624 
20547673411014280 
20829148387724936 
21110623364435592 
21392098341146248 
21673573317856904 
21955048294567560 
22236523271278216 
22517998247988872 
22799473224699528 
23080948201410184 
23362423178120840 
23643898154831496 
23925373131542152 
24206848108252808 
24488323084963464 
24769798061674120 
25051273038384776 
25332748015095432 
25614222991806088 
25895697968516744 
26177172945227400 
26458647921938056 
26740122898648712 
27021597875359368 
27303072852070024 
27584547828780680 
27866022805491336 
158287207 
281475134997863 
562950111708519 
844425088419175 
1125900065129831 
1407375041840487 
1688850018551143 
1970324995261799 
2251799971972455 
2533274948683111 
2814749925393767 
3096224902104423 
3377699878815079 
3659174855525735 
3940649832236391 
4222124808947047 
4503599785657703 
4785074762368359 
5066549739079015 
5348024715789671 
5629499692500327 
5910974669210983 
6192449645921639 
6473924622632295 
6755399599342951 
7036874576053607 
7318349552764263 
7599824529474919 
7881299506185575 
8162774482896231 
8444249459606887 
8725724436317543 
9007199413028199 
9288674389738855 
9570149366449511 
9851624343160167 
10133099319870823 
10414574296581479 
10696049273292135 
10977524250002791 
11258999226713447 
11540474203424103 
11821949180134759 
12103424156845415 
12384899133556071 
12666374110266727 
12947849086977383 
13229324063688039 
13510799040398695 
13792274017109351 
14073748993820007 
14355223970530663 
14636698947241319 
14918173923951975 
15199648900662631 
15481123877373287 
15762598854083943 
16044073830794599 
16325548807505255 
16607023784215911 
16888498760926567 
17169973737637223 
17451448714347879 
17732923691058535 
18014398667769191 
18295873644479847 
18577348621190503 
18858823597901159 
19140298574611815 
19421773551322471 
19703248528033127 
19984723504743783 
20266198481454439 
20547673458165095 
20829148434875751 
21110623411586407 
21392098388297063 
21673573365007719 
21955048341718375 
22236523318429031 
22517998295139687 
22799473271850343 
23080948248560999 
23362423225271655 
23643898201982311 
23925373178692967 
24206848155403623 
24488323132114279 
24769798108824935 
25051273085535591 
25332748062246247 
25614223038956903 
25895698015667559 
26177172992378215 
26458647969088871 
26740122945799527 
27021597922510183 
27303072899220839 
27584547875931495 
27866022852642151 
